      MDL_GEDP = 0.0001
      MDL_GDFDP = 0.01
      AEWM1 = 127.9
      MDL_MDP = 0.001
      MDL_ME = 0.000511
      MDL_MDF = 0.000511
      MDL_WDP = 1D-08
